ambient{
 0.4 0.4 0.4
}

plane {
 0 0 0
 0 0 0
 0 0 0
 4
 0.9
 0 1 0
 0 0 20
}
plane{
 0 1 0
 0 1 0
 0 0 0
 4
 .5
 0 0.5 -8
 0 0 20
}
plane{
 1 0 1
 1 0 1
 0 0 0
 4
 .5
 0 -0.5 -8
 0 0 20
}


light {
 0 .5 1
 0 .5 1
 0 0 0
 4
 0
 10 2 15
}

light {
 1 .5 0
 1 .5 0
 0 0 0
 4
 0
 -10 -2 15

}

triangle{
 1 1 1
 1 1 1
 0 0 0
 4
 0.25
 -2 1 -10
 -2 -1 -10
 -1.5 1 -10
}
triangle{
 1 1 1
 1 1 1
 0 0 0
 4
 0.25
 -1.5 1 -10
 -2 -1 -10
 -1.5 -1 -10
}
triangle{
 1 1 1
 1 1 1
 0 0 0
 4
 0.25
 -1.5 .25 -10
 -1.5 -.25 -10
 -1 .25 -10
}

triangle{
 1 1 1
 1 1 1
 0 0 0
 4
 0.25
 -1 .25 -10
 -1.5 -.25 -10
 -1 -.25 -10
}

triangle{
 1 1 1
 1 1 1
 0 0 0
 4
 0.25
 -1 1 -10
 -1 -1 -10
 -.5 1 -10
}

triangle{
 1 1 1
 1 1 1
 0 0 0
 4
 0.25
 -1 -1 -10
 -.5 -1 -10
 -.5 1 -10
}

triangle{
 1 1 1
 1 1 1
 0 0 0
 4
 0.25
 .5 0 -10
 .5 -1 -10
 1 0 -10

}
triangle{
 1 1 1
 1 1 1
 0 0 0
 4
 0.25
 .5 -1 -10
 1 -1 -10
 1 0 -10
}
sphere{
 1 1 1
 1 1 1
 0 0 0
 4
 0.5
 .75 .75 -10
 .25
}
