ambient{
 0.1 0.1 0.1
}
light {
 0.6 0 0
 4 0 4
}
light {
 0 0 0.6
 -4 0 4
}
sphere {
  1 1 0
  1 1 0
 0 0 0
 20
 1
  0 0 -100
  9
}
#triangle {
  1 0 0
 1 0 0
 0 0 0
 4
 0
 2 -2 -2
 5 -2 2
 3 2 0
}
plane {
 1 1 1
 1 1 1
 0 0 0
 4
 0.8
 1 0 0
 -4 0 0
}
plane {
 1 1 1
 1 1 1
 0 0 0
 4
 0.8
 1 0 0
 4 0 0
}
plane {
 0 0 0
 0 0 0
 0 0 0
 4
 0.8
 0 0 1
 0 0 10
}
plane {
 0 1 0
 0 1 0
 0 0 0
 4
 0.25
 0 1 0
 0 -3 10
}
plane {
 1 0 0
 1 0 0
 0 0 0
 4
 0.25
 0 -1 0
 0 3 -10
}
#particle {
# 0 1 1
# 0 0 -1
# 0.2
# 0 0 -0.001
#}
